4.603821105957031534e+00
4.354871826171875071e+00
3.571264038085937287e+00
3.676346130371093590e+00
3.461394348144531286e+00
3.420569458007812536e+00
3.196490478515625178e+00
3.164137878417968786e+00
3.072068176269531214e+00
3.008880004882812376e+00
2.907822570800781214e+00
2.864012451171875195e+00
2.832428894042968714e+00
2.751180419921874787e+00
2.715692749023437713e+00
2.704770812988281037e+00
2.700978393554687607e+00
2.649263000488281339e+00
2.598544311523437678e+00
2.587451782226562358e+00
2.554402160644531072e+00
2.529507904052734180e+00
2.496258392333984499e+00
2.459087066650390785e+00
2.448665466308593608e+00
2.405326690673827983e+00
2.356004180908203072e+00
2.386889801025390501e+00
2.338848114013671875e+00
2.338721771240234393e+00
2.319201049804687553e+00
2.282061004638671786e+00
2.257489624023437447e+00
2.245339355468749964e+00
2.213839874267578001e+00
2.201645202636718590e+00
2.241577758789062624e+00
2.201479644775390820e+00
2.169700317382812660e+00
2.143527984619140625e+00
2.118842315673828303e+00
2.167713012695312358e+00
2.148330230712890643e+00
2.087411651611327912e+00
2.088156890869140803e+00
2.081030120849609588e+00
2.060740814208984251e+00
2.068849945068359286e+00
2.057922515869140767e+00
2.050134124755859322e+00
1.957548065185546804e+00
1.981491699218749902e+00
2.004508056640625036e+00
1.989172363281249911e+00
1.965512084960937544e+00
2.005423278808593945e+00
1.966495666503906170e+00
1.986581878662109446e+00
1.978568878173828205e+00
1.938326416015625053e+00
1.946934356689453027e+00
1.978332214355468688e+00
1.907669830322265669e+00
1.911419982910156357e+00
1.920629425048828054e+00
1.882814483642578196e+00
1.925851898193359446e+00
1.896426849365234313e+00
1.920711212158203063e+00
1.924236297607421875e+00
1.883146057128906259e+00
1.879936981201171919e+00
1.873670806884765616e+00
1.865085754394531170e+00
1.830496978759765581e+00
1.849521331787109313e+00
1.876855163574218777e+00
1.818151702880859366e+00
1.844071044921874902e+00
1.841518707275390687e+00
1.822879028320312456e+00
1.801968841552734402e+00
1.815089263916015661e+00
1.857188873291015563e+00
1.836652832031250071e+00
1.805896759033203125e+00
1.775780181884765607e+00
1.799033813476562438e+00
1.758965301513671919e+00
1.797022705078124893e+00
1.810021514892578232e+00
1.785591278076171795e+00
1.779856262207031303e+00
1.784582366943359366e+00
1.797059631347656339e+00
1.747427673339843723e+00
1.802678985595703054e+00
1.749235534667968661e+00
1.748865509033203036e+00
1.800628662109375000e+00
1.751440429687499911e+00
1.774316101074218777e+00
1.697125854492187447e+00
1.731749114990234428e+00
1.700465087890624893e+00
1.737062530517578196e+00
1.792190704345703045e+00
1.730083923339843732e+00
1.726366119384765696e+00
1.714433746337890696e+00
1.745992584228515554e+00
1.729486541748046946e+00
1.735910186767578134e+00
1.697245788574218706e+00
1.696874847412109366e+00
1.688921966552734411e+00
1.728361358642578116e+00
1.750322418212890696e+00
1.663988647460937553e+00
1.709849548339843706e+00
1.688441925048828063e+00
1.689697418212890545e+00
1.683748474121093741e+00
1.724083709716796919e+00
1.690841979980468812e+00
1.702947692871093821e+00
1.656325225830078018e+00
1.664788360595703232e+00
1.648270874023437527e+00
1.727097167968749902e+00
1.699831848144531143e+00
1.702497863769531161e+00
1.681998138427734268e+00
1.722507171630859313e+00
1.715943298339843714e+00
1.659226379394531214e+00
1.673055267333984464e+00
1.661005859374999893e+00
1.660825042724609402e+00
1.664795074462890545e+00
1.702234344482421946e+00
1.687745208740234482e+00
1.655424957275390518e+00
1.677840576171875098e+00
1.663280792236328187e+00
1.667322692871093803e+00
1.681900482177734357e+00
1.651930084228515616e+00
1.655431823730468821e+00
1.629940795898437544e+00
1.620667877197265572e+00
1.666940917968749991e+00
1.628153839111328161e+00
1.625981750488281197e+00
1.614370574951171866e+00
1.603669128417968714e+00
1.596101684570312429e+00
1.606712493896484295e+00
1.634161682128906223e+00
1.614028625488281188e+00
1.656816558837890696e+00
1.582729644775390687e+00
1.601159057617187464e+00
1.623336029052734331e+00
1.625661926269531321e+00
1.619799346923828098e+00
1.629761199951171857e+00
1.638868255615234304e+00
1.602438354492187411e+00
1.626683807373046964e+00
1.645378265380859295e+00
1.642222595214843706e+00
1.592044830322265625e+00
1.572139282226562518e+00
1.623810577392578169e+00
1.641747436523437464e+00
1.675933990478515545e+00
1.581131591796874902e+00
1.611539154052734402e+00
1.569570159912109464e+00
1.620195159912109384e+00
1.609861297607421804e+00
1.601473083496093741e+00
1.566798858642578063e+00
1.606823577880859277e+00
1.580289154052734402e+00
1.592166442871093768e+00
1.567064666748046786e+00
1.626727905273437580e+00
1.590579986572265625e+00
1.562180938720703072e+00
1.587342224121093714e+00
1.569301452636718830e+00
1.588579101562499929e+00
1.582281341552734366e+00
1.586569061279296866e+00
1.597902984619140598e+00
1.600636291503906294e+00
1.608905639648437580e+00
1.614989318847656286e+00
1.591379241943359446e+00
1.601921081542968750e+00
1.553395690917968697e+00
1.611968383789062598e+00
1.603076629638671813e+00
1.563905944824218741e+00
1.543592681884765616e+00
1.568350830078125036e+00
1.570918731689453063e+00
1.588880462646484304e+00
1.604277648925781286e+00
1.607929992675781294e+00
1.570427398681640607e+00
1.572843475341796804e+00
1.601513214111328187e+00
1.517358245849609322e+00
1.560986480712890589e+00
1.589527435302734437e+00
1.555317077636718670e+00
1.598323669433593830e+00
1.554844360351562482e+00
1.536575012207031188e+00
1.575114593505859473e+00
1.529443511962890634e+00
1.569924011230468652e+00
1.534580535888671937e+00
1.571084289550781277e+00
1.585630798339843661e+00
1.603065948486328107e+00
1.593390502929687536e+00
1.570773620605468768e+00
1.551704559326171795e+00
1.524306945800781188e+00
1.551527862548828018e+00
1.563602600097656170e+00
1.587878723144531268e+00
1.586340179443359366e+00
1.515891265869140581e+00
1.558932647705078223e+00
1.595996093749999956e+00
1.552024841308593750e+00
1.548240203857421893e+00
1.560363464355468688e+00
1.538460845947265732e+00
1.570323486328125018e+00
1.548928833007812589e+00
1.596585540771484402e+00
1.543433990478515705e+00
1.568886413574218652e+00
1.538287353515624956e+00
1.507721862792968714e+00
1.553750915527343679e+00
1.510772399902343688e+00
1.547119140625000000e+00
1.532348327636718688e+00
1.520855255126953187e+00
1.535205230712890723e+00
1.558353424072265625e+00
1.531835479736328054e+00
1.545390472412109473e+00
1.525147705078125027e+00
1.500443725585937527e+00
1.539155731201171884e+00
1.549872131347656223e+00
1.562627410888671964e+00
1.518077545166015563e+00
1.533042144775390581e+00
1.476824798583984411e+00
1.536724395751953187e+00
1.540933837890624991e+00
1.522463989257812456e+00
1.530461120605468794e+00
1.559726562500000080e+00
1.537395324707031330e+00
1.541929321289062571e+00
1.545136566162109482e+00
1.512368774414062589e+00
1.537093658447265643e+00
1.517769317626953107e+00
1.542300567626953223e+00
1.503600921630859455e+00
1.530926971435546902e+00
1.517824096679687429e+00
1.546087646484374911e+00
1.521590270996093786e+00
1.566514129638671982e+00
1.543065185546875107e+00
1.547396545410156143e+00
1.555056762695312456e+00
1.496191558837890678e+00
1.519758758544921928e+00
1.551175842285156259e+00
1.511441345214843857e+00
1.516821441650390678e+00
1.485207672119140732e+00
1.504977264404296911e+00
1.491583099365234366e+00
1.509078521728515643e+00
1.569517059326171804e+00
1.525411376953125009e+00
1.511882934570312420e+00
1.513436126708984419e+00
1.519521179199218697e+00
1.514028472900390554e+00
1.534076690673828125e+00
1.516972351074218794e+00
1.508590393066406188e+00
1.504341430664062562e+00
1.458650360107421884e+00
1.511246643066406214e+00
1.510392150878906214e+00
1.480393829345703072e+00
1.468055572509765705e+00
1.486089477539062509e+00
1.505237274169921813e+00
1.467804565429687402e+00
1.484835052490234286e+00
1.480746612548828223e+00
1.509180755615234348e+00
1.498884124755859304e+00
1.488057708740234464e+00
1.506086273193359304e+00
1.514260711669921822e+00
1.498212432861328214e+00
1.490236816406250053e+00
1.506050262451171795e+00
1.497241973876953125e+00
1.499122619628906250e+00
1.507518615722656330e+00
1.494303588867187393e+00
1.518580017089843803e+00
1.530919952392578054e+00
1.492645263671875000e+00
1.489955444335937518e+00
1.478934326171875036e+00
1.462101287841796937e+00
1.469533538818359464e+00
1.483485870361328063e+00
1.524350433349609402e+00
1.479065856933593714e+00
1.524278411865234384e+00
1.481549835205078214e+00
1.503827667236328214e+00
1.524626007080078116e+00
1.516985626220703098e+00
1.473262481689453063e+00
1.509131164550781223e+00
1.467509155273437393e+00
1.521161346435546902e+00
1.484073791503906170e+00
1.451338653564453018e+00
1.486950225830078187e+00
1.514424591064453152e+00
1.513992004394531188e+00
1.473328247070312402e+00
1.466780700683593786e+00
1.514978942871093803e+00
1.501575164794921813e+00
1.493035583496093777e+00
1.463595733642578223e+00
1.432425537109375036e+00
1.509266815185546839e+00
1.505791320800781152e+00
1.454510498046875044e+00
1.472931518554687402e+00
1.484921112060546777e+00
1.476086425781250044e+00
1.508862304687500044e+00
1.505717468261718706e+00
1.526555633544921964e+00
1.485404510498046893e+00
1.490916748046875018e+00
1.550547943115234473e+00
1.507682647705078205e+00
1.490615997314453045e+00
1.496156768798828196e+00
1.471568908691406330e+00
1.478612823486328054e+00
1.476932830810546937e+00
1.466331176757812438e+00
1.459274139404296955e+00
1.475407867431640652e+00
1.458566436767578134e+00
1.514511566162109357e+00
1.458816070556640643e+00
1.458510589599609331e+00
1.470453338623046946e+00
1.475888519287109402e+00
1.488930664062499964e+00
1.493690948486328107e+00
1.478962249755859437e+00
1.477580566406250018e+00
1.499292907714843803e+00
1.447825775146484473e+00
1.471905670166015589e+00
1.509967651367187580e+00
1.463268432617187420e+00
1.483528594970703107e+00
1.483095245361328196e+00
1.481840057373046804e+00
1.531507110595703214e+00
1.465712890625000098e+00
1.486723785400390518e+00
1.460818786621093768e+00
1.499457550048828081e+00
1.468199920654296831e+00
1.506122589111328125e+00
1.502579193115234357e+00
1.472078704833984286e+00
1.490085296630859313e+00
1.460738220214843786e+00
1.440905456542968643e+00
1.477395019531249964e+00
1.498105316162109402e+00
1.469303588867187482e+00
1.444038543701171795e+00
1.434225311279296866e+00
1.458806610107421964e+00
1.463300323486328214e+00
1.490770721435546786e+00
1.427767944335937456e+00
1.467466735839843661e+00
1.480305328369140527e+00
1.438272247314453134e+00
1.470011291503906303e+00
1.448484497070312571e+00
1.484024200439453045e+00
1.517155761718750107e+00
1.454003601074218777e+00
1.453126068115234482e+00
1.465848083496093857e+00
1.455858001708984384e+00
1.478725891113281232e+00
1.454288177490234313e+00
1.505975189208984322e+00
1.447275390624999991e+00
1.460337829589843706e+00
1.472495574951171893e+00
1.473058776855468821e+00
1.436294860839843812e+00
1.491627807617187607e+00
1.483261108398437500e+00
1.441396179199218697e+00
1.460695343017578196e+00
1.481980743408203072e+00
1.484117126464843839e+00
1.505426330566406179e+00
1.458470458984375107e+00
1.493364105224609384e+00
1.488719024658203161e+00
1.489393768310546928e+00
1.431805419921875044e+00
1.464795379638671902e+00
1.451920166015624902e+00
1.468547058105468706e+00
1.454230804443359393e+00
1.476530303955078116e+00
1.477432708740234357e+00
1.481510925292968794e+00
1.497091064453125009e+00
1.452467498779296928e+00
1.492032165527343857e+00
1.455727844238281277e+00
1.461708984374999964e+00
1.467122039794921839e+00
1.456165313720703125e+00
1.419363555908203178e+00
1.469930877685546866e+00
1.485137329101562598e+00
1.476403656005859322e+00
1.449524078369140545e+00
1.443862457275390643e+00
1.453474426269531161e+00
1.414979400634765572e+00
1.468997650146484313e+00
1.460959014892578178e+00
1.479673156738281259e+00
1.460496063232421982e+00
1.440513305664062438e+00
1.441210784912109411e+00
1.458162536621093741e+00
1.455466461181640581e+00
1.450799865722656179e+00
1.473561553955078152e+00
1.477915496826171848e+00
1.498332977294921875e+00
1.471059265136718697e+00
1.476235351562499964e+00
1.434869537353515634e+00
1.448456115722656312e+00
1.476385345458984366e+00
1.426557464599609304e+00
1.479937286376953098e+00
1.436298522949218670e+00
1.520736083984375098e+00
1.468594055175781232e+00
1.453265380859374956e+00
1.466808624267578187e+00
1.413797912597656303e+00
1.483864898681640732e+00
1.460165710449218723e+00
1.443833160400390669e+00
1.487486267089843661e+00
1.440269470214843750e+00
1.414513549804687464e+00
1.465131988525390616e+00
1.453450469970703152e+00
1.448274383544921884e+00
1.450224761962890518e+00
1.473306427001953134e+00
1.433667297363281357e+00
1.481851806640624991e+00
1.447245025634765536e+00
1.459710998535156179e+00
1.464434051513671786e+00
1.417979583740234473e+00
1.397509918212890723e+00
1.440648803710937509e+00
1.482179412841796884e+00
1.478861846923828161e+00
1.426972808837890572e+00
1.461787261962890661e+00
1.453913574218749893e+00
1.463818511962890589e+00
1.418819580078124920e+00
1.470267028808593723e+00
1.459008789062500089e+00
1.468409881591796973e+00
1.456624145507812607e+00
1.413836059570312553e+00
1.459765930175781268e+00
1.437363586425781214e+00
1.428582611083984322e+00
1.467878417968750071e+00
1.480345306396484428e+00
1.425277099609375098e+00
1.448493804931640705e+00
1.451747741699218830e+00
1.466525115966796911e+00
1.412811737060546857e+00
1.451285552978515581e+00
1.457643432617187429e+00
1.489225463867187571e+00
1.448767700195312536e+00
1.481945037841796875e+00
1.443770294189453018e+00
1.439087829589843714e+00
1.413201904296875089e+00
1.441415557861328134e+00
1.478648529052734473e+00
1.424800872802734375e+00
1.464581451416015589e+00
1.453286743164062589e+00
1.465744476318359357e+00
1.438865203857421893e+00
1.437207641601562447e+00
1.456939849853515545e+00
1.457927093505859473e+00
1.453793640136718857e+00
1.466350097656250018e+00
1.403990936279296831e+00
1.448635711669921777e+00
1.460403594970703045e+00
1.473749389648437491e+00
1.474159545898437562e+00
1.412919311523437527e+00
1.428106994628906223e+00
1.401143341064453152e+00
1.458609313964843723e+00
1.436331024169921866e+00
1.433305206298828072e+00
1.458454437255859437e+00
1.406625518798828134e+00
1.453241424560546946e+00
1.453152313232421777e+00
1.419175109863281214e+00
1.420419769287109446e+00
1.473666992187500080e+00
1.481152191162109277e+00
1.459014739990234455e+00
1.441441345214843794e+00
1.468820648193359446e+00
1.430117034912109286e+00
1.420629730224609366e+00
1.445380859374999938e+00
1.480671234130859437e+00
1.409757843017578116e+00
1.393321990966796875e+00
1.432087249755859437e+00
1.443477325439453063e+00
1.429087524414062393e+00
1.439294128417968777e+00
1.425082702636718768e+00
1.410809783935546902e+00
1.436041564941406223e+00
1.458606872558593670e+00
1.426096343994140536e+00
1.447322082519531206e+00
1.438097229003906241e+00
1.432863769531250053e+00
1.445634155273437527e+00
1.416047363281250027e+00
1.470444793701171982e+00
1.427270660400390634e+00
1.404043273925781321e+00
1.458934173583984473e+00
1.481553344726562527e+00
1.405963897705078125e+00
1.401676177978515625e+00
1.458557128906250000e+00
1.427054901123046893e+00
1.445634307861328072e+00
1.472593536376953116e+00
1.403407440185546973e+00
1.426894073486328018e+00
1.458650665283203196e+00
1.412980957031249929e+00
1.413030090332031197e+00
1.469479522705078089e+00
1.471374053955078143e+00
1.411574096679687473e+00
1.448784637451171919e+00
1.426439666748046786e+00
1.432898406982421768e+00
1.438342437744140723e+00
1.423903961181640643e+00
1.433324584960937509e+00
1.487527008056640732e+00
1.420002136230468670e+00
1.393555908203125027e+00
1.433700256347656188e+00
1.440513000488281348e+00
1.414490661621093714e+00
1.454768371582031206e+00
1.422671051025390598e+00
1.423204498291015696e+00
1.408305358886718706e+00
1.421799316406249902e+00
1.413280792236328187e+00
1.443044738769531321e+00
1.414196166992187420e+00
1.422611541748046937e+00
1.403978424072265696e+00
1.371899414062500044e+00
1.391821136474609366e+00
1.423617706298828223e+00
1.393434143066406339e+00
1.384428558349609428e+00
1.417591094970703125e+00
1.449897308349609393e+00
1.460646514892578018e+00
1.410135803222656303e+00
1.444179382324218830e+00
1.420487060546874902e+00
1.406964263916015589e+00
1.430477142333984375e+00
1.423458862304687544e+00
1.419137573242187589e+00
1.421692810058593714e+00
1.412226562499999893e+00
1.419414672851562420e+00
1.406058044433593723e+00
1.446164855957031259e+00
1.422344055175781330e+00
1.424797668457031152e+00
1.442137298583984428e+00
1.395944213867187589e+00
1.456824798583984393e+00
1.434936828613281312e+00
1.412582702636718812e+00
1.416902770996093741e+00
1.410397491455078089e+00
1.404211273193359366e+00
1.441784667968750044e+00
1.424890747070312491e+00
1.430480041503906286e+00
1.448324279785156321e+00
1.431862945556640732e+00
1.442270355224609446e+00
1.423064270019531286e+00
1.421275024414062393e+00
1.390650329589843803e+00
1.382308959960937500e+00
1.413394165039062456e+00
1.426831970214843759e+00
1.423480377197265723e+00
1.408004760742187500e+00
1.436798553466796857e+00
1.435573120117187518e+00
1.412716827392578089e+00
1.404108276367187491e+00
1.415795745849609322e+00
1.420865478515624947e+00
1.468625640869140714e+00
1.398250122070312518e+00
1.404480285644531312e+00
1.416798858642578152e+00
1.393536224365234277e+00
1.432695007324218839e+00
1.461135559082031188e+00
1.443587493896484331e+00
1.445892333984375000e+00
1.422751007080078178e+00
1.427580261230468661e+00
1.425341033935546786e+00
1.392662048339843750e+00
1.432705078124999920e+00
1.423963317871093759e+00
1.435428619384765625e+00
1.437293548583984393e+00
1.435991210937499929e+00
1.428137512207031223e+00
1.407751464843749911e+00
1.438861236572265723e+00
1.429951629638671839e+00
1.391801605224609384e+00
1.414552307128906339e+00
1.404108428955078036e+00
1.428175201416015616e+00
1.414929504394531357e+00
1.449667510986328178e+00
1.420467987060546777e+00
1.438181610107421848e+00
1.449377441406249911e+00
1.417181243896484366e+00
1.426906127929687518e+00
1.419719696044921875e+00
1.419598388671875044e+00
1.402739257812499973e+00
1.415960540771484366e+00
1.380999603271484411e+00
1.426771087646484304e+00
1.456159362792968759e+00
1.401435241699218848e+00
1.427957611083984446e+00
1.425538177490234482e+00
1.387409820556640527e+00
1.425828704833984384e+00
1.405217285156250107e+00
1.414123382568359455e+00
1.408980407714843786e+00
1.401379089355468732e+00
1.431976165771484455e+00
1.427783966064453125e+00
1.420419464111328134e+00
1.402114715576171955e+00
1.403423309326171875e+00
1.406618194580078196e+00
1.407242584228515669e+00
1.403591613769531232e+00
1.462611846923828063e+00
1.392517242431640545e+00
1.423643341064453116e+00
1.422188110351562562e+00
1.409551391601562509e+00
1.405531921386718786e+00
1.423812713623046955e+00
1.409533843994140723e+00
1.394368743896484464e+00
1.380408782958984393e+00
1.411471252441406143e+00
1.422562255859374902e+00
1.439810638427734268e+00
1.421674346923828214e+00
1.410203552246093839e+00
1.404404907226562527e+00
1.407979736328125009e+00
1.434115447998046911e+00
1.389306182861328232e+00
1.413278350830078134e+00
1.394893188476562518e+00
1.402264099121093732e+00
1.446967926025390705e+00
1.423393707275390607e+00
1.424120483398437553e+00
1.409363098144531312e+00
1.441523742675781206e+00
1.432613220214843830e+00
1.419319610595703107e+00
1.405120239257812598e+00
1.368983459472656206e+00
1.402843475341796875e+00
1.447677001953125098e+00
1.444003448486328223e+00
1.418086547851562518e+00
1.406937866210937527e+00
1.444279479980468794e+00
1.392060852050781339e+00
1.380048217773437447e+00
1.444807128906250071e+00
1.420953369140625089e+00
1.394411315917968741e+00
1.383264923095703036e+00
1.399693908691406197e+00
1.422936401367187464e+00
1.408342285156249929e+00
1.417901763916015634e+00
1.409316253662109331e+00
1.409142456054687464e+00
1.434311523437499902e+00
1.438973846435546822e+00
1.392505340576171813e+00
1.395610961914062420e+00
1.413762512207031197e+00
1.350172729492187473e+00
1.432682647705078027e+00
1.405493316650390678e+00
1.404445648193359375e+00
1.398796081542968750e+00
1.398426361083984437e+00
1.422987823486328018e+00
1.440586853027343794e+00
1.418963775634765723e+00
1.400717163085937411e+00
1.337529144287109339e+00
1.418431091308593794e+00
1.437232666015624938e+00
1.421489410400390563e+00
1.417108764648437491e+00
1.390735931396484437e+00
1.420267791748046848e+00
1.434206085205078196e+00
1.412868194580078063e+00
1.440583953857421884e+00
1.431841278076171786e+00
1.422606353759765518e+00
1.391275634765624991e+00
1.425126495361328072e+00
1.385327606201171902e+00
1.447248229980468759e+00
1.441488189697265554e+00
1.378484497070312509e+00
1.422420959472656232e+00
1.394726715087890589e+00
1.370381622314453152e+00
1.440538330078124929e+00
1.401791839599609402e+00
1.424554443359375089e+00
1.398073272705078196e+00
1.428481445312500098e+00
1.408771514892578125e+00
1.432768859863281286e+00
1.396063079833984366e+00
1.426123657226562536e+00
1.412585296630859411e+00
1.411496734619140714e+00
1.427693023681640527e+00
1.386024627685546795e+00
1.423166351318359446e+00
1.411368103027343723e+00
1.435828399658203081e+00
1.409241943359375027e+00
1.379394683837890545e+00
1.442494812011718697e+00
1.379271087646484428e+00
1.423418731689453098e+00
1.420208892822265589e+00
1.434604339599609313e+00
1.424898986816406143e+00
1.423385009765625098e+00
1.380640411376953036e+00
1.407992401123046911e+00
1.383491821289062562e+00
1.462115936279296813e+00
1.419363098144531321e+00
1.383626098632812607e+00
1.403020019531250107e+00
1.397896118164062562e+00
1.358683776855468706e+00
1.397966308593749929e+00
1.393429870605468857e+00
1.417289581298828205e+00
1.463862915039062518e+00
1.403478240966796964e+00
1.392184295654296911e+00
1.437695465087890589e+00
1.375861663818359393e+00
1.432650299072265598e+00
1.415678863525390518e+00
1.418325042724609464e+00
1.424203491210937589e+00
1.390036163330078178e+00
1.400899200439453152e+00
1.438111114501953169e+00
1.382394256591796822e+00
1.390241851806640616e+00
1.411144866943359277e+00
1.407279357910156348e+00
1.422394409179687402e+00
1.377343750000000089e+00
1.410020599365234384e+00
1.421001739501953187e+00
1.414841461181640669e+00
1.426254882812499902e+00
1.398125152587890607e+00
1.418453216552734375e+00
1.356613464355468812e+00
1.404611816406249991e+00
1.416367797851562527e+00
1.403449401855468848e+00
1.416372375488281321e+00
1.385937194824218732e+00
1.381304016113281241e+00
1.422091827392578223e+00
1.388590393066406303e+00
1.388992614746093812e+00
1.433409423828124973e+00
1.407805480957031286e+00
1.414929962158203214e+00
1.397550964355468661e+00
1.396963958740234268e+00
1.409809570312499982e+00
1.397758941650390607e+00
1.374500885009765527e+00
1.411127014160156179e+00
1.410575866699218750e+00
1.402325134277343732e+00
1.401451110839843750e+00
1.410829467773437429e+00
1.442767028808593643e+00
1.424035797119140634e+00
1.449892425537109286e+00
1.407482299804687420e+00
1.429416656494140625e+00
1.371657714843750098e+00
1.369893951416015554e+00
1.434940185546875080e+00
1.394815826416015536e+00
1.401572723388671893e+00
1.410596771240234304e+00
1.422783203125000062e+00
1.386680908203125062e+00
1.397107391357421902e+00
1.404892272949218812e+00
1.395681152343750009e+00
1.392248535156249911e+00
1.440851898193359348e+00
1.387811584472656179e+00
1.375542297363281152e+00
1.393440399169921795e+00
1.416289062499999973e+00
1.404065551757812447e+00
1.379349975585937527e+00
1.421364440917968652e+00
1.394214019775390723e+00
1.354588623046875107e+00
1.384649047851562509e+00
1.438500671386718777e+00
1.421010131835937607e+00
1.401007385253906223e+00
1.422568054199218723e+00
1.415366210937500036e+00
1.377312164306640607e+00
1.389701690673828205e+00
1.384070129394531223e+00
1.374545745849609313e+00
1.416477508544921937e+00
1.398532714843750080e+00
1.390697937011718732e+00
1.388231506347656241e+00
1.378150787353515705e+00
1.422704467773437509e+00
1.389523315429687544e+00
1.405401916503906223e+00
1.432905578613281161e+00
1.400241088867187456e+00
1.371730499267578063e+00
1.425382843017578116e+00
1.419251403808593714e+00
1.393093566894531232e+00
1.440036773681640625e+00
1.386783905029296937e+00
1.425423736572265732e+00
1.361089172363281197e+00
1.368983917236328063e+00
1.393053436279296786e+00
1.392982788085937562e+00
1.433897247314453116e+00
1.388374176025390705e+00
1.385092620849609268e+00
1.412290191650390714e+00
1.377679901123046946e+00
1.416797180175781268e+00
1.379184722900390625e+00
1.390886993408203098e+00
1.382984771728515527e+00
1.368600311279296822e+00
1.385151062011718670e+00
1.412451782226562536e+00
1.411946868896484464e+00
1.400395202636718794e+00
1.452120971679687456e+00
1.351204986572265732e+00
1.374149780273437482e+00
1.362315979003906330e+00
1.373529357910156179e+00
1.387563476562500009e+00
1.387837524414062607e+00
1.418348236083984304e+00
1.399414825439453169e+00
1.410334014892578036e+00
1.399772644042968750e+00
1.397579193115234375e+00
1.373358306884765678e+00
1.391426239013671795e+00
1.402645874023437544e+00
1.382737121582031214e+00
1.397342224121093768e+00
1.408812255859374973e+00
1.403242034912109304e+00
1.372099456787109428e+00
1.380862121582031143e+00
1.436972808837890581e+00
1.390835571289062544e+00
1.403022155761718848e+00
1.377153167724609384e+00
1.398049468994140732e+00
1.379853973388671884e+00
1.404564514160156152e+00
1.399779357910156286e+00
1.407694091796874991e+00
1.364974212646484331e+00
1.392867431640625098e+00
1.387599792480468830e+00
1.396138153076171839e+00
1.446766052246093670e+00
1.432653808593749911e+00
1.368639831542968643e+00
1.407363586425781188e+00
1.379034576416015678e+00
1.393728027343750009e+00
1.386873321533203196e+00
1.430382385253906152e+00
1.385618591308593661e+00
1.384908905029296866e+00
1.430058898925781197e+00
1.364679718017578036e+00
1.420068206787109322e+00
1.391966552734374973e+00
1.381928405761718714e+00
1.417991485595703205e+00
1.374792022705078054e+00
1.409190979003906330e+00
1.363509368896484331e+00
1.376140289306640563e+00
1.373968048095703054e+00
1.397202453613281214e+00
1.401487274169921804e+00
1.393745574951171795e+00
1.420000305175781241e+00
1.388191375732421795e+00
1.361729736328125107e+00
1.417061157226562562e+00
1.404130249023437527e+00
1.382891540527343643e+00
1.390369720458984437e+00
1.412783203125000053e+00
1.387897491455078125e+00
1.374386901855468857e+00
1.373803558349609322e+00
1.393010864257812509e+00
1.406956634521484339e+00
1.354558105468750107e+00
1.383312835693359277e+00
1.409009094238281357e+00
1.377301635742187447e+00
1.411118469238281214e+00
1.411301422119140669e+00
1.373358764648437536e+00
1.431880950927734375e+00
1.404545288085937482e+00
1.416598205566406143e+00
1.402191314697265545e+00
1.394073028564453143e+00
1.380202178955078018e+00
1.373013458251953089e+00
1.398692779541015563e+00
1.380508270263671955e+00
1.386430053710937527e+00
1.421544036865234339e+00
1.388068389892578081e+00
1.398666381835937500e+00
1.392715759277343812e+00
1.341539764404296786e+00
1.348142547607421804e+00
1.425108032226562571e+00
1.392519378662109286e+00
1.421458435058593706e+00
1.388200683593749929e+00
1.376418304443359331e+00
1.392061157226562429e+00
1.407857513427734464e+00
1.371999969482421866e+00
1.384798126220703196e+00
1.389175567626953045e+00
1.403346405029296973e+00
1.385589904785156312e+00
1.373073577880859375e+00
1.378782806396484428e+00
1.363265075683593786e+00
1.389953613281250000e+00
1.387083435058593661e+00
1.381973114013671955e+00
1.407097473144531152e+00
1.400236816406249973e+00
1.381963806152343821e+00
1.379760589599609455e+00
1.390825347900390696e+00
1.394220275878906179e+00
1.330500640869140661e+00
1.381517181396484384e+00
1.426167449951171839e+00
1.392185211181640625e+00
1.401788940429687491e+00
1.401819610595703036e+00
1.410007934570312482e+00
1.391081848144531286e+00
1.415422668457031241e+00
1.408859252929687500e+00
1.396931304931640527e+00
1.374726562500000027e+00
1.379460144042968794e+00
1.392549438476562429e+00
1.408274993896484473e+00
1.385778503417968821e+00
1.424267883300781357e+00
1.405550537109375053e+00
1.410552673339843688e+00
1.412310485839843643e+00
1.392989807128906188e+00
1.423133087158203081e+00
1.407389526367187393e+00
1.410636291503906348e+00
1.387127075195312420e+00
1.368251037597656206e+00
1.407959136962890545e+00
1.394190063476562491e+00
1.376959991455078081e+00
1.368176727294921902e+00
1.394311981201171946e+00
1.415351409912109393e+00
1.378447113037109428e+00
1.355239715576171955e+00
1.385485382080078098e+00
1.400979309082031277e+00
1.361042327880859437e+00
1.400386505126953063e+00
1.383244018554687482e+00
1.374256134033203125e+00
1.399903411865234482e+00
1.392200317382812580e+00
1.390733795166015696e+00
1.404684143066406321e+00
1.413917999267578107e+00
1.395928192138671919e+00
1.382161865234375009e+00
1.379236297607421946e+00
1.425516815185546848e+00
1.402717285156249938e+00
1.394492340087890581e+00
1.423483428955078178e+00
1.396206359863281232e+00
1.396134033203124902e+00
1.396736145019531250e+00
1.380427551269531206e+00
1.410000305175781232e+00
1.397995758056640669e+00
1.394094696044921866e+00
1.363609008789062438e+00
1.406336822509765661e+00
1.401700592041015714e+00
1.394070587158203089e+00
1.384862518310546964e+00
1.373601684570312509e+00
1.380174560546874929e+00
1.378944854736328107e+00
1.415555267333984402e+00
1.401402282714843794e+00
1.390818939208984473e+00
1.401809539794921955e+00
1.376692199707031161e+00
1.379372863769531277e+00
1.390928192138671804e+00
1.415648345947265518e+00
1.397910156250000036e+00
1.396249084472656277e+00
1.357500152587890696e+00
1.357266540527343857e+00
1.392816925048828036e+00
1.390919036865234437e+00
1.420074920654296857e+00
1.392935638427734268e+00
1.393806152343749938e+00
1.393390502929687580e+00
1.381323852539062536e+00
1.371784973144531294e+00
1.383667449951171857e+00
1.365395965576171822e+00
1.348475952148437518e+00
1.377059936523437500e+00
1.398950805664062491e+00
1.395112304687500027e+00
1.396630706787109322e+00
1.371825866699218688e+00
1.363657379150390536e+00
1.353497161865234277e+00
1.347066040039062607e+00
1.416021270751953054e+00
1.398148193359374902e+00
1.384112854003906268e+00
1.385966796875000018e+00
1.407454071044921928e+00
1.406081542968750098e+00
1.396260986328125009e+00
1.377319335937500000e+00
1.411173553466796848e+00
1.384470520019531303e+00
1.356482391357421768e+00
1.391811370849609375e+00
1.395268707275390652e+00
1.396861724853515563e+00
1.384830932617187482e+00
1.430852661132812509e+00
1.431507263183593670e+00
1.380681610107421964e+00
1.376241607666015554e+00
1.389049682617187420e+00
1.404090270996093848e+00
1.402586975097656286e+00
1.388774414062500018e+00
1.348953094482421955e+00
1.405881805419921804e+00
1.397294464111328072e+00
1.390153808593749929e+00
1.369035339355468839e+00
1.373574981689453134e+00
1.387231140136718777e+00
1.400682220458984384e+00
1.395963287353515714e+00
1.373358917236328081e+00
1.360847778320312562e+00
1.416640167236328018e+00
1.356405334472656321e+00
1.387252044677734331e+00
1.371320800781250071e+00
1.356691589355468741e+00
1.364876556396484419e+00
1.374906158447265714e+00
1.415605010986328072e+00
1.437516021728515669e+00
1.403863220214843777e+00
1.377422332763671875e+00
1.391870574951171946e+00
1.397761840820312518e+00
1.378375854492187580e+00
1.388816528320312438e+00
1.382765502929687473e+00
1.384572143554687607e+00
1.398842010498046795e+00
1.405426025390625000e+00
1.407723846435546822e+00
1.383703613281249911e+00
1.390503082275390545e+00
1.382490844726562473e+00
1.382913360595703134e+00
1.379073791503906188e+00
1.354961090087890563e+00
1.377668304443359304e+00
1.353219604492187589e+00
1.386217346191406241e+00
1.395024719238281197e+00
1.371661376953124956e+00
1.408348541259765607e+00
1.402574005126953072e+00
1.372200469970703107e+00
1.376585693359374973e+00
1.388376617431640536e+00
1.406068420410156339e+00
1.384660491943359384e+00
1.411236419677734277e+00
1.422036285400390732e+00
1.402272491455078152e+00
1.368239593505859331e+00
1.406757507324218670e+00
1.403627624511718741e+00
1.412024993896484393e+00
1.397716064453125018e+00
1.409687194824218670e+00
1.411554565429687491e+00
1.335180358886718821e+00
1.379803771972656357e+00
1.368697052001953018e+00
1.400423583984375053e+00
1.373449401855468821e+00
1.398500671386718741e+00
1.392696075439453063e+00
1.389952697753906286e+00
1.350383453369140563e+00
1.382003173828125098e+00
1.349308166503906170e+00
1.392645874023437536e+00
1.373213348388671928e+00
1.381565856933593794e+00
1.381076965332031170e+00
1.370799407958984473e+00
1.375427551269531312e+00
1.373660736083984313e+00
1.393224182128906197e+00
1.386108551025390545e+00
1.394738922119140634e+00
1.363818206787109411e+00
1.355069274902343857e+00
1.369465332031249982e+00
1.396072540283203045e+00
1.376993408203124991e+00
1.393922424316406339e+00
1.336499786376953214e+00
1.420694885253906303e+00
1.388109283447265696e+00
1.406903991699218759e+00
1.354009704589843821e+00
1.375849151611328036e+00
1.364137268066406339e+00
1.411778564453125107e+00
1.379212799072265572e+00
1.370763092041015652e+00
1.350876312255859357e+00
1.435797729492187536e+00
1.383146209716796804e+00
1.392681121826171875e+00
1.365480194091796884e+00
1.364002532958984437e+00
1.378187255859375071e+00
1.408952789306640696e+00
1.409771728515625044e+00
1.396179656982421857e+00
1.392424163818359428e+00
1.400382995605468750e+00
1.367372283935546884e+00
1.346719207763671822e+00
1.383234405517578036e+00
1.402168884277343652e+00
1.406061248779296946e+00
1.402966613769531357e+00
1.361829376220703214e+00
1.371589355468749938e+00
1.401606140136718803e+00
1.361461791992187420e+00
1.395313568115234437e+00
1.382814331054687429e+00
1.396889190673828107e+00
1.359923858642578143e+00
1.418293914794921839e+00
1.375863189697265732e+00
1.422606048583984428e+00
1.375399475097656143e+00
1.410405883789062509e+00
1.385979156494140607e+00
1.372169342041015705e+00
1.396348724365234384e+00
1.388332672119140687e+00
1.396635894775390518e+00
1.373835601806640661e+00
1.397359466552734464e+00
1.374794006347656250e+00
1.404531250000000009e+00
1.368090362548828098e+00
1.349646148681640678e+00
1.400319061279296839e+00
1.420174255371093652e+00
1.409770202636718706e+00
1.382504577636718857e+00
1.392102966308593759e+00
1.381075134277343741e+00
1.378603668212890598e+00
1.354150238037109322e+00
1.414427947998046831e+00
1.354244842529296777e+00
1.381429901123046866e+00
1.364256591796874973e+00
1.343952636718749982e+00
1.381992492675781170e+00
1.408446350097656286e+00
1.378233184814453116e+00
1.381003723144531348e+00
1.393939819335937580e+00
1.368988800048828169e+00
1.394576263427734331e+00
1.375207366943359322e+00
1.358056488037109322e+00
1.370763092041015652e+00
1.382173614501953196e+00
1.388399200439453196e+00
1.381108093261718794e+00
1.414351043701171928e+00
1.385948028564453205e+00
1.395394592285156277e+00
1.427323913574218839e+00
1.377691650390624911e+00
1.353314056396484277e+00
1.386873016357421884e+00
1.385785675048828214e+00
1.396135406494140696e+00
1.410878753662109464e+00
1.361810150146484322e+00
1.370348968505859411e+00
1.345050201416015723e+00
1.367285156249999911e+00
1.382540130615234286e+00
1.380553741455078143e+00
1.426517944335937482e+00
1.409646606445312589e+00
1.377132415771484375e+00
1.380443267822265563e+00
1.411062622070312411e+00
1.369667510986328107e+00
1.420123291015624956e+00
1.400428466796874938e+00
1.384167785644531357e+00
1.335986480712890723e+00
1.371280517578125080e+00
1.367653808593749964e+00
1.376717529296874964e+00
1.406739349365234482e+00
1.361815795898437598e+00
1.376418457031250098e+00
1.358970489501953205e+00
1.405056610107421777e+00
1.371641235351562571e+00
1.404453582763671937e+00
1.402920684814453089e+00
1.422970733642578089e+00
1.381330413818359304e+00
1.350019378662109304e+00
1.376067810058593688e+00
1.415246124267578232e+00
1.358589019775390705e+00
1.365465545654296786e+00
1.401334686279296804e+00
1.355380554199218768e+00
1.360211791992187447e+00
1.354894256591796964e+00
1.371150817871093830e+00
1.364118194580078214e+00
1.364166717529296857e+00
1.387422943115234286e+00
1.365152130126953134e+00
1.378437347412109437e+00
1.375521697998046911e+00
1.376111297607421902e+00
1.348972015380859313e+00
1.361469116210937580e+00
1.408957214355468723e+00
1.369580078125000044e+00
1.361557159423828045e+00
1.378191070556640696e+00
1.392270202636718857e+00
1.386385803222656143e+00
1.327995605468750062e+00
1.400778503417968723e+00
1.340388336181640661e+00
1.388343963623046795e+00
1.364274749755859384e+00
1.358950195312500053e+00
1.379116516113281232e+00
1.398230895996093848e+00
1.361869354248046893e+00
1.350916900634765661e+00
1.352143859863281339e+00
1.405619506835937393e+00
1.367066650390625027e+00
1.378678283691406214e+00
1.409634857177734402e+00
1.351426086425781214e+00
1.386116180419921795e+00
1.383896331787109357e+00
1.421383514404296777e+00
1.380578613281250089e+00
1.405076599121093839e+00
1.376522369384765687e+00
1.373007965087890581e+00
1.405524597167968848e+00
1.405334777832031312e+00
1.355219116210937491e+00
1.416185302734374929e+00
1.374700622558593821e+00
1.375189056396484366e+00
1.366221313476562393e+00
1.379594573974609384e+00
1.383659362792968750e+00
1.389120025634765554e+00
1.411153411865234464e+00
1.388924255371093652e+00
1.403767547607421839e+00
1.368303070068359384e+00
1.358714752197265563e+00
1.416935119628906170e+00
1.404653320312500009e+00
1.384236907958984464e+00
1.374546051025390625e+00
1.360117034912109446e+00
1.377669830322265643e+00
1.353833312988281357e+00
1.399936828613281170e+00
1.364253540039062518e+00
1.366831512451171848e+00
1.377326965332031250e+00
1.393227233886718652e+00
1.386065673828124956e+00
1.389725799560546982e+00
1.366811981201171866e+00
1.385553894042968803e+00
1.354347991943359419e+00
1.378527526855468643e+00
1.402866668701171937e+00
1.381206970214843732e+00
1.369578857421875018e+00
1.391651000976562580e+00
1.382001800537109304e+00
1.369970703124999911e+00
1.387619628906249902e+00
1.352534484863281206e+00
1.359797821044921973e+00
1.400060424804687509e+00
1.364619140624999893e+00
1.381351776123046937e+00
1.421492156982421928e+00
1.391462249755859304e+00
1.358551940917968714e+00
1.387019500732421973e+00
1.383923339843750044e+00
1.364588470458984348e+00
1.328353881835937500e+00
1.326095733642578045e+00
1.393431243896484428e+00
1.364418487548828107e+00
1.383198394775390527e+00
1.343231506347656312e+00
1.388255767822265563e+00
1.382165222167968777e+00
1.389714508056640652e+00
1.380593566894531277e+00
1.373861083984375009e+00
1.431320648193359357e+00
1.360651397705078036e+00
1.358552246093750027e+00
1.386929473876953089e+00
1.375925598144531303e+00
1.354541015624999956e+00
1.378433074951171955e+00
1.337746276855468652e+00
1.386954193115234268e+00
1.385501556396484313e+00
1.346474609374999964e+00
1.378265075683593688e+00
1.348053436279296857e+00
1.375601348876953178e+00
1.357866516113281241e+00
1.349758758544921777e+00
1.325317993164062402e+00
1.363403472900390545e+00
1.362539520263671866e+00
1.394360351562500044e+00
1.348709869384765669e+00
1.376459350585937491e+00
1.413362731933593741e+00
1.368770446777343830e+00
1.378696899414062482e+00
1.401150512695312544e+00
1.412153167724609304e+00
1.401524353027343794e+00
1.363066711425781286e+00
1.380946960449218830e+00
1.377936859130859393e+00
1.375080566406249982e+00
1.416231994628906143e+00
1.376704711914062518e+00
1.378162384033203125e+00
1.357657928466796893e+00
1.398903656005859419e+00
1.378144683837890572e+00
1.409398040771484339e+00
1.388801422119140705e+00
1.346623687744140652e+00
1.391010437011718670e+00
1.399387664794921937e+00
1.394975891113281241e+00
1.400267028808593661e+00
1.431279449462890652e+00
1.327368927001953081e+00
1.365045471191406179e+00
1.366046905517578125e+00
1.403569793701171964e+00
1.389970397949218839e+00
1.362528228759765536e+00
1.397103729248046822e+00
1.386603393554687536e+00
1.372410430908203027e+00
1.374350280761718723e+00
1.394267272949218706e+00
1.393173980712890669e+00
1.371918945312500027e+00
1.407973632812500098e+00
1.417284545898437553e+00
1.346541595458984331e+00
1.389348602294921964e+00
1.379535980224609437e+00
1.392802429199218706e+00
1.358318328857421875e+00
1.369586639404296813e+00
1.398778228759765652e+00
1.403365478515625098e+00
1.367158050537109482e+00
1.369546661376953134e+00
1.340579986572265625e+00
1.366946563720703223e+00
1.397125091552734455e+00
1.376886596679687491e+00
1.328615570068359286e+00
1.387066345214843732e+00
1.362374877929687589e+00
1.392141723632812411e+00
1.394922027587890634e+00
1.355908966064453214e+00
1.363391723632812580e+00
1.363206634521484384e+00
1.377117919921875044e+00
1.354829711914062429e+00
1.361883544921874911e+00
1.391853485107421795e+00
1.408812255859374973e+00
1.394578399658203072e+00
1.320884857177734295e+00
1.388259887695312500e+00
1.375636444091796973e+00
1.377676391601562411e+00
1.367313842773437482e+00
1.344710540771484331e+00
1.360711822509765634e+00
1.355964050292968848e+00
1.415363464355468670e+00
1.376385192871093732e+00
1.366133270263671928e+00
1.319937438964843723e+00
1.343398895263671955e+00
1.366813507080078205e+00
1.379156036376953054e+00
1.373785095214843821e+00
1.363619079589843741e+00
1.399799499511718670e+00
1.398595733642578054e+00
1.328488769531249947e+00
1.383369293212890705e+00
1.358188629150390625e+00
1.380134277343749938e+00
1.353869934082031268e+00
1.333329010009765669e+00
1.360812225341796911e+00
1.351060943603515696e+00
1.395556030273437553e+00
1.384562835693359473e+00
1.360634918212890732e+00
1.373526458740234268e+00
1.388548736572265518e+00
1.383842315673828205e+00
1.382122039794921875e+00
1.366397705078125080e+00
1.394808197021484286e+00
1.374647369384765616e+00
1.379778137207031241e+00
1.348531799316406321e+00
1.395380554199218803e+00
1.350889282226562571e+00
1.366965789794921893e+00
1.362226104736328214e+00
1.348581848144531303e+00
1.393570861816406214e+00
1.382993927001953116e+00
1.346007537841796831e+00
1.399863433837890581e+00
1.380041809082031223e+00
1.391205749511718714e+00
1.413608856201171937e+00
1.401625671386718786e+00
1.370505371093750036e+00
1.370671234130859339e+00
1.352355804443359455e+00
1.387372283935546902e+00
1.385830535888671777e+00
1.373756256103515705e+00
1.398131866455078143e+00
1.367111511230468812e+00
1.379619140625000018e+00
1.353671569824218768e+00
1.375515136718749920e+00
1.401546020507812518e+00
1.350702819824218803e+00
1.326390380859375107e+00
1.367545318603515581e+00
1.340948791503906223e+00
1.371320343017578214e+00
1.350484313964843697e+00
1.357035369873046848e+00
1.366117706298828116e+00
1.367623138427734419e+00
1.407800445556640634e+00
1.389621276855468768e+00
1.390001831054687553e+00
1.355511322021484277e+00
1.364865570068359402e+00
1.395222625732421839e+00
1.378666992187500107e+00
1.359515838623046813e+00
1.387659454345703036e+00
1.385673065185546893e+00
1.387624206542968697e+00
1.390397033691406214e+00
1.369001007080078214e+00
1.384520111083984428e+00
1.373411407470703116e+00
1.382648315429687580e+00
1.331506042480468777e+00
1.326178131103515678e+00
1.370708312988281330e+00
1.406293945312500071e+00
1.365242004394531250e+00
1.373921051025390527e+00
1.399143218994140625e+00
1.369948425292968786e+00
1.390996551513671964e+00
1.401404418945312536e+00
1.409613494873046768e+00
1.352914428710937589e+00
1.382977905273437447e+00
1.367863006591796937e+00
1.382033843994140643e+00
1.409321594238281294e+00
1.391834716796874982e+00
1.378914337158203107e+00
1.345128631591796964e+00
1.373713073730468803e+00
1.368556060791015661e+00
1.344475097656250062e+00
1.402474670410156277e+00
1.369879608154296768e+00
1.366538696289062438e+00
1.332450408935546893e+00
1.380809783935546875e+00
1.369080505371093714e+00
1.367799072265625027e+00
1.363206481933593839e+00
1.412782592773437429e+00
1.373479461669921964e+00
1.349933166503906268e+00
1.392848968505859375e+00
1.359973907470703125e+00
1.381025085449218759e+00
1.388511352539062438e+00
1.396582946777343848e+00
1.363261718750000018e+00
1.361940307617187429e+00
1.400068206787109304e+00
1.381057891845703045e+00
1.361249542236328214e+00
1.380434722900390598e+00
1.387100372314453045e+00
1.344918212890624964e+00
1.372293701171874991e+00
1.375540618896484268e+00
1.367649993896484339e+00
1.358604278564453205e+00
1.427919464111328196e+00
1.386033172607421982e+00
1.384435119628906197e+00
1.387312164306640616e+00
1.355842742919921795e+00
1.397920227050781339e+00
1.343610076904296902e+00
1.337455749511718750e+00
1.396472015380859411e+00
1.358189086914062482e+00
1.378441162109375062e+00
1.322703552246093706e+00
1.343609466552734277e+00
1.385239562988281214e+00
1.362098236083984393e+00
1.353122863769531170e+00
1.380738067626953169e+00
1.381788940429687473e+00
1.357455596923828223e+00
1.370691223144531179e+00
1.366444702148437607e+00
1.353641662597656170e+00
1.392715301513671955e+00
1.363962707519531303e+00
1.412613525390624902e+00
1.389243469238281348e+00
1.348876037597656286e+00
1.334063415527343643e+00
1.375872955322265723e+00
1.345886840820312402e+00
1.371757049560546893e+00
1.385783386230468706e+00
1.372321166992187536e+00
1.388147583007812491e+00
1.388000335693359455e+00
1.376050720214843759e+00
1.398857116699218750e+00
1.351576232910156161e+00
1.366782531738281348e+00
1.434392852783203054e+00
1.369575195312499938e+00
1.358414611816406214e+00
1.382523040771484357e+00
1.375820312499999920e+00
1.395640411376953161e+00
1.385899658203125107e+00
1.345742645263671822e+00
1.369982604980468643e+00
1.367144012451171786e+00
1.374222717285156214e+00
1.356317901611328036e+00
1.358921966552734339e+00
1.381289825439453223e+00
1.390424957275390616e+00
1.382532806396484348e+00
1.330278015136718839e+00
1.367854156494140661e+00
1.379305267333984286e+00
1.386867828369140687e+00
1.365206298828125053e+00
1.416825714111328072e+00
1.362336578369140572e+00
1.394520416259765527e+00
1.352233276367187598e+00
1.354383850097656161e+00
1.369061584472656357e+00
1.376440734863281223e+00
1.390147552490234473e+00
1.382912750244140732e+00
1.392460784912109339e+00
1.394064941406250036e+00
1.353481597900390687e+00
1.358396759033203116e+00
1.390915069580078045e+00
1.367099151611328223e+00
1.382689666748046831e+00
1.391382598876953036e+00
1.380201568603515616e+00
1.395709533691406268e+00
1.397341613769531143e+00
1.341184539794921804e+00
1.368476409912109393e+00
1.398293609619140732e+00
1.399333496093750018e+00
1.385218505859374893e+00
1.411286163330078169e+00
1.391258239746093750e+00
1.378567810058593857e+00
1.392516632080078143e+00
1.352680511474609437e+00
1.380848236083984437e+00
1.336547241210937598e+00
1.383226165771484384e+00
1.365345916748046839e+00
1.377902984619140625e+00
1.365081939697265545e+00
1.338635101318359277e+00
1.397060546874999920e+00
1.359789428710937553e+00
1.373859710693359437e+00
1.355294342041015732e+00
1.338901214599609313e+00
1.344416656494140661e+00
1.375773468017578161e+00
1.389716949462890705e+00
1.349900512695312527e+00
1.385111541748046848e+00
1.358805694580078161e+00
1.384993896484375098e+00
1.379947967529296937e+00
1.362772521972656303e+00
1.408491210937500071e+00
1.376857910156249920e+00
1.394851379394531188e+00
1.382871093749999947e+00
1.388698120117187518e+00
1.382620849609375036e+00
1.375402374267578054e+00
1.353163299560546928e+00
1.395852203369140732e+00
1.371377868652343679e+00
1.387670745849609366e+00
1.384802093505859366e+00
1.392423095703124947e+00
1.342395629882812580e+00
1.367747497558593706e+00
1.381137390136718768e+00
1.372835845947265598e+00
1.384416656494140696e+00
1.335313415527343839e+00
1.325901489257812482e+00
1.374134826660156294e+00
1.347287445068359402e+00
1.348833770751953098e+00
1.391020355224609428e+00
1.370238800048828143e+00
1.342007751464843857e+00
1.353049468994140581e+00
1.347096099853515527e+00
1.353611297607421937e+00
1.361568145751953063e+00
1.393071136474609339e+00
1.380325469970703045e+00
1.381408996582031312e+00
1.403501892089843661e+00
1.391362762451171964e+00
1.345810699462890669e+00
1.354337158203124947e+00
1.392446899414062411e+00
1.358689575195312527e+00
1.352975921630859446e+00
1.384746093750000018e+00
1.366969146728515661e+00
1.332970275878906152e+00
1.387790832519531170e+00
1.350686340332031277e+00
1.404411773681640607e+00
1.401974792480468857e+00
1.355778198242187482e+00
1.347606048583984473e+00
1.318374023437500098e+00
1.370661315917968803e+00
1.357623596191406268e+00
1.363611755371093803e+00
1.366100158691406330e+00
1.371596374511718786e+00
1.375820465087890687e+00
1.409194946289062500e+00
1.358841094970703045e+00
1.415778961181640705e+00
1.386613769531249929e+00
1.398287506103515598e+00
1.355556182861328063e+00
1.376539459228515616e+00
1.379412536621093643e+00
1.382093963623046928e+00
1.376218872070312571e+00
1.369469757080078232e+00
1.414158477783203027e+00
1.376967163085937473e+00
1.339173431396484482e+00
1.341810455322265616e+00
1.346387329101562447e+00
1.382660827636718714e+00
1.367509155273437527e+00
1.343634643554687536e+00
1.382609863281250018e+00
1.384456176757812518e+00
1.355500030517578169e+00
1.332348022460937420e+00
1.333631744384765616e+00
1.348965148925781232e+00
1.368839111328125080e+00
1.379354248046875009e+00
1.337413635253906330e+00
1.334796600341796813e+00
1.397796173095703143e+00
1.366967773437500089e+00
1.326036682128906241e+00
1.368657684326171964e+00
1.373046875000000000e+00
1.401896972656250018e+00
1.375076446533203045e+00
1.350603942871093643e+00
1.365744476318359268e+00
1.361271514892578027e+00
1.373576965332031330e+00
1.365701446533203134e+00
1.355148010253906188e+00
1.363562927246093848e+00
1.350891265869140545e+00
1.381211700439453072e+00
1.348132171630859411e+00
1.372526092529296804e+00
1.349449920654296919e+00
1.312050781249999964e+00
1.373642272949218812e+00
1.357867736816406268e+00
1.391938476562500027e+00
1.384113922119140527e+00
1.371052856445312607e+00
1.370297546386718857e+00
1.370513458251953143e+00
1.364561004638671804e+00
1.358147430419921919e+00
1.369396362304687420e+00
1.386117401123046822e+00
1.366051940917968777e+00
1.378145904541015598e+00
